name: mldigit
channels:
  - defaults
dependencies:
  - _tflow_select=2.3.0=mkl
  - absl-py=0.4.1=py35_0
  - astor=0.7.1=py35_0
  - blas=1.0=mkl
  - certifi=2018.8.24=py35_1
  - gast=0.2.0=py35_0
  - grpcio=1.12.1=py35h1a1b453_0
  - icc_rt=2019.0.0=h0cc432a_1
  - intel-openmp=2019.3=203
  - libgpuarray=0.7.6=hfa6e2cd_0
  - libmklml=2019.0.3=0
  - libprotobuf=3.6.0=h1a1b453_0
  - libpython=2.1=py35_0
  - m2w64-binutils=2.25.1=5
  - m2w64-bzip2=1.0.6=6
  - m2w64-crt-git=5.0.0.4636.2595836=2
  - m2w64-gcc=5.3.0=6
  - m2w64-gcc-ada=5.3.0=6
  - m2w64-gcc-fortran=5.3.0=6
  - m2w64-gcc-libgfortran=5.3.0=6
  - m2w64-gcc-libs=5.3.0=7
  - m2w64-gcc-libs-core=5.3.0=7
  - m2w64-gcc-objc=5.3.0=6
  - m2w64-gmp=6.1.0=2
  - m2w64-headers-git=5.0.0.4636.c0ad18a=2
  - m2w64-isl=0.16.1=2
  - m2w64-libiconv=1.14=6
  - m2w64-libmangle-git=5.0.0.4509.2e5a9a2=2
  - m2w64-libwinpthread-git=5.0.0.4634.697f757=2
  - m2w64-make=4.1.2351.a80a8b8=2
  - m2w64-mpc=1.0.3=3
  - m2w64-mpfr=3.1.4=4
  - m2w64-pkg-config=0.29.1=2
  - m2w64-toolchain=5.3.0=7
  - m2w64-tools-git=5.0.0.4592.90b8472=2
  - m2w64-windows-default-manifest=6.4=3
  - m2w64-winpthreads-git=5.0.0.4634.697f757=2
  - m2w64-zlib=1.2.8=10
  - markdown=2.6.11=py35_0
  - markupsafe=1.0=py35hfa6e2cd_1
  - mkl=2018.0.3=1
  - mkl-service=1.1.2=py35hb217b18_5
  - mkl_fft=1.0.6=py35hdbbee80_0
  - mkl_random=1.0.1=py35h77b88f5_1
  - msys2-conda-epoch=20160418=1
  - numpy-base=1.15.2=py35h8128ebf_0
  - pip=10.0.1=py35_0
  - protobuf=3.6.0=py35he025d50_0
  - pygpu=0.7.6=py35h452e1ab_0
  - python=3.5.2=0
  - setuptools=40.2.0=py35_0
  - tensorboard=1.10.0=py35he025d50_0
  - tensorflow=1.10.0=mkl_py35h4a0f5c2_0
  - tensorflow-base=1.10.0=mkl_py35h81393da_0
  - termcolor=1.1.0=py35_1
  - vc=14=h0510ff6_3
  - vs2015_runtime=14.15.26706=h3a45250_0
  - werkzeug=0.14.1=py35_0
  - wheel=0.31.1=py35_0
  - wincertstore=0.2=py35hfebbdb8_0
  - zlib=1.2.11=h8395fce_2
  - pip:
    - mako==1.0.7
    - numpy==1.16.2
    - scipy==1.2.1
    - six==1.12.0
    - theano==0.6.0
prefix: C:\Users\Pritam\Anaconda3\envs\mldigit

